数据配置文件,按照格式写明物体的位置和颜色
程序的编译命令为
nvcc -o 3D_ray_anim_3 3D_ray_anim_3.cu lodepng.cpp -lGL -lglut
球体
//x, y, z, r, color, 反射或折射(0,1)
Sphere -20 0 2 4 0 0 0 0
Sphere 3 -3 0 0.9 0 0 0 1
Sphere -15 -5 0 2 0 0 0 1
Sphere -10 -2 -1 1 0 0 0 1
地面
//z, color, 是否镜面反射(0 漫反射, 1 反射)
Ground -2 0.1569 0.3 0.4 1
Ground 11 1 1 1 0
平面
//x, y, z, color, 是否镜面反射(0 漫反射, 1 反射), 纹理贴图(-1 不贴图, 0 第一张贴图)
Plane -10 0 -1 -9 1 -1 0.6 0.6 0.6 0 -1
Plane -10 0 -2 -9 0 -1 0.6 0.6 0.6 0 -1
Plane -10 1 -2 -9 1 -1 0.6 0.6 0.6 0 -1
Plane -9 0 -2 -9 1 -1 0.6 0.6 0.6 0 -1
Plane -10 0 -2 -10 1 -1 0.6 0.6 0.6 0 -1
Plane -26 -12 -2 10 -12 11 0.6 0.6 0.6 0 3
Plane -26 12 -2 10 12 11 0.6 0.6 0.6 0 2
Plane -26 -12 -2 -26 12 11 0.6 0.6 0.6 0 2
Plane 10 -12 -2 10 12 11 0.6 0.6 0.6 0 -1
平面附带纹理贴图
Plane -10 -10.5 -2 -4 -10.5 8 1 1 1 0 0
Plane -2 -10.5 -2 6 -10.5 6 1 1 1 0 1
Plane 9.9 -12 -2 9.9 12 11.9 1 1 1 0 2
Plane -26 11.9 -2 10 11.9 11 1 1 1 0 3
Plane -26 -12 10.9 10 12 10.9 1 1 1 0 4
光源
//x, y, z, color
Light -3 -3 4 0.2682 0.2682 0.2682
Light 0 4 8 0.3771 0.3771 0.3224
Light 0 30 8 0.6 0.6 0.6
Light 0 -30 8 0.6 0.6 0.6
Light 20 4 8 0.6 0.6 0.6
Light -40 4 8 0.6 0.6 0.6
相机
//x, y, z, 焦距, 广度, w, h, 方向
//Photo 0 0 0 0.2 0.3 1920 1080 -1 0 0
Photo 0 0 0 0.2 0.3 960 540 -1 0 0
//Photo 0 0 0 0.2 0.3 480 270 -1 0 0
纹理贴图
Image 5.png
Image 6.png
Image 7.png
Image 8.png
Image 9.png
